SLy4:
  ex: 1
  zpe: 0
  h2m:
    - 20.578443498322457
    - 20.578443498322457
  t0: -2488.913
  t1: 486.818
  t2: -546.395
  t3: 13777.0
  t4: 123.0
  x0: 0.834
  x1: -0.344
  x2: -1.0
  x3: 1.354
  b4p: 61.5
  power: 0.1666667
  vdi:
    v0prot: 295.369
    v0neut: 286.669
    rho0pr: 0.0
  dddi:
    v0prot: -1.0
    v0neut: -1.0
    rho0pr: 0.16

